3 0.724106 0.774666 0.287232 0.210125
3 0.654018 0.295234 0.214084 0.164217
3 0.666213 0.43474 0.232184 0.17604
3 0.830566 0.356007 0.230026 0.196341
3 0.183314 0.687081 0.256584 0.190802
3 0.503151 0.514124 0.226396 0.167835
3 0.280196 0.489625 0.268832 0.187634
3 0.504609 0.377071 0.223396 0.168333
6 0.384613 0.0520558 0.44034 0.103568
0 0.24102 0.17481 0.481743 0.348927
3 0.0601622 0.63606 0.120324 0.224363
3 0.724106 0.774666 0.287232 0.210125
3 0.654018 0.295234 0.214084 0.164217
3 0.666213 0.43474 0.232184 0.17604
3 0.830566 0.356007 0.230026 0.196341
3 0.183314 0.687081 0.256584 0.190802
3 0.503151 0.514124 0.226396 0.167835
3 0.280196 0.489625 0.268832 0.187634
3 0.504609 0.377071 0.223396 0.168333
6 0.384613 0.0520558 0.44034 0.103568
0 0.24102 0.17481 0.481743 0.348927
3 0.0601622 0.63606 0.120324 0.224363
