1 0.0717683 0.38042 0.143537 0.180855
0 0.68261 0.44381 0.4578 0.202748
3 0.770777 0.610838 0.167871 0.128931
3 0.485338 0.605914 0.168045 0.129245
3 0.625737 0.606862 0.160279 0.119494
3 0.84205 0.712665 0.172031 0.146321
3 0.236278 0.694557 0.172826 0.134263
3 0.396202 0.694743 0.180086 0.139066
5 0.148847 0.231735 0.296745 0.184251
3 0.558903 0.696167 0.176925 0.122536
3 0.700079 0.703558 0.173001 0.136251
2 0.204459 0.411374 0.200291 0.284611
2 0.392824 0.386348 0.189293 0.255232
4 0.293138 0.136862 0.401019 0.209639
3 0.196607 0.605999 0.174709 0.138027
6 0.881424 0.192792 0.236635 0.377363
0 0.655287 0.372384 0.427172 0.197319
