4 0.295348 0.141067 0.388759 0.206589
6 0.883824 0.199039 0.232352 0.367018
5 0.147728 0.230006 0.291389 0.180077
0 0.688532 0.448453 0.448767 0.194296
2 0.384428 0.384251 0.167917 0.2599
3 0.630531 0.606399 0.151609 0.120147
0 0.773879 0.44647 0.272384 0.195259
1 0.0680498 0.380052 0.1361 0.181376
3 0.552157 0.69551 0.15768 0.120671
3 0.480133 0.601648 0.163135 0.1237
0 0.649429 0.357949 0.429329 0.200236
3 0.195694 0.600029 0.166936 0.124084
3 0.392992 0.697109 0.180881 0.131541
3 0.234928 0.697002 0.165387 0.127135
3 0.767333 0.606842 0.164035 0.12232
3 0.837998 0.711651 0.169585 0.145357
3 0.698448 0.703766 0.171827 0.131034
2 0.198458 0.411174 0.202283 0.283403
4 0.295348 0.141067 0.388759 0.206589
6 0.883824 0.199039 0.232352 0.367018
5 0.147728 0.230006 0.291389 0.180077
0 0.688532 0.448453 0.448767 0.194296
2 0.384428 0.384251 0.167917 0.2599
3 0.630531 0.606399 0.151609 0.120147
0 0.773879 0.44647 0.272384 0.195259
1 0.0680498 0.380052 0.1361 0.181376
3 0.552157 0.69551 0.15768 0.120671
3 0.480133 0.601648 0.163135 0.1237
0 0.649429 0.357949 0.429329 0.200236
3 0.195694 0.600029 0.166936 0.124084
3 0.392992 0.697109 0.180881 0.131541
3 0.234928 0.697002 0.165387 0.127135
3 0.767333 0.606842 0.164035 0.12232
3 0.837998 0.711651 0.169585 0.145357
3 0.698448 0.703766 0.171827 0.131034
2 0.198458 0.411174 0.202283 0.283403
