6 0.883076 0.188073 0.233644 0.36199
4 0.295273 0.142892 0.394004 0.208338
3 0.235208 0.696167 0.169068 0.129312
3 0.555841 0.697022 0.176178 0.126099
5 0.153224 0.233399 0.299691 0.178557
0 0.648702 0.367984 0.434287 0.203203
3 0.482688 0.604683 0.16259 0.127707
3 0.838493 0.714937 0.170795 0.151604
3 0.394261 0.698018 0.181955 0.131977
3 0.769736 0.608831 0.164095 0.121869
3 0.192954 0.60101 0.168881 0.125476
3 0.697006 0.70346 0.180995 0.135357
0 0.688926 0.444189 0.446093 0.20269
2 0.390008 0.386596 0.193949 0.260271
2 0.203172 0.410305 0.20486 0.284413
3 0.627745 0.607211 0.163286 0.117871
1 0.0727975 0.380779 0.145595 0.177478
6 0.883076 0.188073 0.233644 0.36199
4 0.295273 0.142892 0.394004 0.208338
3 0.235208 0.696167 0.169068 0.129312
3 0.555841 0.697022 0.176178 0.126099
5 0.153224 0.233399 0.299691 0.178557
0 0.648702 0.367984 0.434287 0.203203
3 0.482688 0.604683 0.16259 0.127707
3 0.838493 0.714937 0.170795 0.151604
3 0.394261 0.698018 0.181955 0.131977
3 0.769736 0.608831 0.164095 0.121869
3 0.192954 0.60101 0.168881 0.125476
3 0.697006 0.70346 0.180995 0.135357
0 0.688926 0.444189 0.446093 0.20269
2 0.390008 0.386596 0.193949 0.260271
2 0.203172 0.410305 0.20486 0.284413
3 0.627745 0.607211 0.163286 0.117871
1 0.0727975 0.380779 0.145595 0.177478
