4 0.186412 0.362555 0.335665 0.196893
0 0.782844 0.471276 0.404791 0.250278
5 0.181778 0.503477 0.307444 0.159047
0 0.813927 0.763466 0.372147 0.316762
2 0.434842 0.664453 0.378158 0.220565
1 0.179902 0.656305 0.164642 0.150303
2 0.488055 0.509771 0.288824 0.227257
4 0.186412 0.362555 0.335665 0.196893
0 0.782844 0.471276 0.404791 0.250278
5 0.181778 0.503477 0.307444 0.159047
0 0.813927 0.763466 0.372147 0.316762
2 0.434842 0.664453 0.378158 0.220565
1 0.179902 0.656305 0.164642 0.150303
2 0.488055 0.509771 0.288824 0.227257
