2 0.491678 0.63731 0.269978 0.23086
2 0.545416 0.790573 0.268041 0.283691
3 0.731879 0.378946 0.104076 0.141096
3 0.6909 0.146745 0.126315 0.137454
3 0.761394 0.511667 0.12581 0.154401
3 0.667896 0.472477 0.107369 0.143296
1 0.543907 0.938839 0.17029 0.122322
3 0.615909 0.234919 0.104382 0.131134
3 0.641936 0.346396 0.103501 0.138145
3 0.795835 0.64925 0.11283 0.153325
3 0.711819 0.262879 0.116902 0.143596
4 0.252242 0.826344 0.168218 0.347312
3 0.724154 0.723244 0.110035 0.141824
5 0.385799 0.890821 0.161219 0.216684
6 0.20705 0.234976 0.341858 0.278801
0 0.451241 0.370289 0.184156 0.374689
0 0.407585 0.414339 0.182904 0.369545
